((("ox-md" .
   [1 0 0 0 0])
  ("elpy" .
   [1 0 0 0])
  ("matlab" .
   [1 0 0 0 0 0])
  ("flycheck" .
   [1 0 0 0 0 0 0 0])
  ("org-mode" .
   [1 0 0 0 0 0 0 0])
  ("in" .
   [1 0])
  ("Babel" .
   [1 0 0 0 0])
  ("and" .
   [1 0 0])
  ("title" .
   [1 0 0 0 0])
  ("Font" .
   [1 0 0 0])
  ("****" .
   [2 0 0 0])
  ("Web" .
   [1 0 0])
  ("reversed" .
   [0 0 0 1 0 0 0 0])
  ("sort" .
   [1 0 0 0])
  ("both" .
   [1 0 0 0])
  ("num" .
   [3 0 1])
  ("alpha" .
   [0 0 1 2 0])
  ("lsh" .
   [0 0 1])
  ("print" .
   [0 0 1 0 0])
  ("import" .
   [0 0 0 0 1 1])
  ("random" .
   [0 0 0 1 0 0])
  ("name" .
   [1 0 0 0])
  ("emacs-lisp" .
   [1 0 0 2 0 1 0 0 0 0])
  ("Settings" .
   [1 0 0 0 0 0 0 1])))
